[2.8443198]
[2.4739037]
[2.41163]
[2.3610363]
[2.1699624]
[2.0799758]
[2.0738466]
[2.0680914]
[2.0571046]
[2.0521762]
[2.0180087]
[1.8999325]
[1.8641022]
[1.7965598]
[1.7749065]
[1.7433957]
[1.7382442]
[1.7282904]
[1.6814446]
[1.6697646]
[1.6169554]
[1.602234]
[1.6020975]
[1.5945108]
[1.5838848]
[1.5694133]
[1.5625821]
[1.5380583]
[1.5352955]
[1.5031505]
[1.4963014]
[1.4840614]
[1.4492636]
[1.4269869]
[1.4020506]
[1.3660574]
[1.327157]
[1.3149154]
[1.309006]
[1.2857652]
[1.2593865]
[1.1596844]
[1.148994]
[1.1090434]
[1.0665365]
[1.0633587]
[1.0448841]
[1.02405]
[0.9979876]
[0.97858214]
