[2.8443198]
[2.4739037]
[1.7749065]
[2.3610363]
[1.8641022]
[2.0571046]
[2.1699624]
[1.5625821]
[1.6020975]
[2.0521762]
[0.8280717]
[1.5838848]
[2.0738466]
[0.8999586]
[0.91263044]
[1.4020506]
[1.148994]
[1.8999325]
[0.97858214]
[0.92828596]
[2.0799758]
[0.9979876]
[1.7965598]
[1.4269869]
[2.41163]
[1.1090434]
[0.9054848]
[1.5352955]
[1.0665365]
[1.3149154]
[0.82614934]
[2.0180087]
[1.5031505]
[-0.08478326]
[0.2566185]
[-0.4092936]
[1.1596844]
[1.7282904]
[-0.03628826]
[-0.06538296]
[-0.10345948]
[0.4644838]
[1.2857652]
[-0.01243329]
[0.19594526]
[0.56289554]
[0.6883333]
[1.4963014]
[2.0680914]
[0.12019336]
