[2.8443198]
[1.258899]
[0.77684855]
[0.6535513]
[0.6501654]
[0.5849637]
[0.51929533]
[0.44138777]
[0.36697572]
[0.30026054]
[0.29502195]
[0.28244668]
[0.2559198]
[0.19586608]
[0.19257367]
[0.18238312]
[0.17463863]
[0.07012606]
[0.04461497]
[0.01345885]
[0.00932145]
[-0.0089854]
[-0.02430928]
[-0.02490091]
[-0.02960205]
[-0.05011523]
[-0.12495565]
[-0.13401455]
[-0.15444404]
[-0.19717073]
[-0.22599518]
[-0.23341417]
[-0.26846236]
[-0.27091986]
[-0.27544487]
[-0.28836548]
[-0.28871864]
[-0.29272258]
[-0.29864523]
[-0.32792082]
[-0.3358255]
[-0.34834784]
[-0.37031943]
[-0.39412946]
[-0.4036743]
[-0.40649307]
[-0.40999055]
[-0.4147609]
[-0.47847807]
[-0.48273054]
